1962 01 134.6 12.5 22 
1962 02 77.2 11.2 17 
1962 03 73.6 13.4 13 
1962 04 68.6 20.6 17 
1962 05 80.7 22.7 16 
1962 06 50.2 28.3 11 
1962 07 92.2 18.5 15 
1962 08 99.4 25.8 19 
1962 09 122.4 31.1 19 
1962 10 42.6 15.1 12 
1962 11 105.5 23.7 14 
1962 12 86.4 23.6 18 
1963 01 34.8 14.9 13 
1963 02 96 19.7 11 
1963 03 212.5 30.5 25 
1963 04 113.7 29.2 20 
1963 05 53.9 7.6 19 
1963 06 46.2 8.6 15 
1963 07 76.6 16.9 14 
1963 08 104.3 40.6 22 
1963 09 39.5 8.8 16 
1963 10 143.1 56 21 
1963 11 206.9 35.2 24 
1963 12 112.9 37 17 
1964 01 35.9 12.6 17 
1964 02 166.4 46.3 19 
1964 03 233.9 28.7 20 
1964 04 82.9 16.6 20 
1964 05 106.7 17.1 21 
1964 06 89.8 18.1 16 
1964 07 71.5 22.2 16 
1964 08 134.6 63.7 16 
1964 09 75.6 26.7 17 
1964 10 80.2 13.1 19 
1964 11 73.9 21 15 
1964 12 152.1 38.3 19 
1965 01 141.6 31 19 
1965 02 5.9 2.3 6 
1965 03 132.6 20.1 17 
1965 04 98.4 27.6 19 
1965 05 100.5 25 19 
1965 06 128.8 26.8 20 
1965 07 98.3 17.8 17 
1965 08 79 20.4 17 
1965 09 94.1 51.8 19 
1965 10 35.4 10.7 12 
1965 11 206.9 69.9 22 
1965 12 196.2 28.8 23 
1966 01 209.8 42.8 21 
1966 02 299.9 43.5 27 
1966 03 37.6 9.8 17 
1966 04 235.6 36.6 21 
1966 05 80.9 13.8 17 
1966 06 102.2 20.3 19 
1966 07 21.3 10.7 10 
1966 08 90 18.5 19 
1966 09 82.6 34.4 13 
1966 10 232.2 34.3 19 
1966 11 37.6 6.7 17 
1966 12 84.4 11.9 23 
1967 01 121.4 20.3 17 
1967 02 136.2 26.7 18 
1967 03 34.1 6.1 17 
1967 04 18.1 9.1 7 
1967 05 134.7 20 25 
1967 06 35.9 11.2 7 
1967 07 99.3 18.6 19 
1967 08 101.9 25.4 18 
1967 09 148 35.5 20 
1967 10 151.1 26.6 25 
1967 11 64.2 15.7 17 
1967 12 65 19.6 17 
1968 01 96.5 14 20 
1968 02 64.3 31.4 11 
1968 03 70.8 19.9 14 
1968 04 92.6 24.4 18 
1968 05 79.7 34.7 16 
1968 06 59.8 16.3 15 
1968 07 55.9 32.4 7 
1968 08 74.6 13.9 11 
1968 09 156.9 41.6 21 
1968 10 152.6 23.8 23 
1968 11 186.8 36.2 23 
1968 12 174.2 48.1 20 
1969 01 275 55.1 21 
1969 02 54.4 11.2 22 
1969 03 79.2 23.6 13 
1969 04 71.2 20.4 14 
1969 05 117.6 22.8 20 
1969 06 84.5 24.6 12 
1969 07 28.6 13.8 8 
1969 08 38.4 8.3 11 
1969 09 51.3 14.7 12 
1969 10 38.7 14.5 18 
1969 11 113.1 22.1 19 
1969 12 101.8 13.2 21 
1970 01 219.1 33.6 19 
1970 02 93.6 13.3 20 
1970 03 35.4 11.8 18 
1970 04 71.8 16.9 20 
1970 05 33.6 13.8 10 
1970 06 56.8 15.4 11 
1970 07 86.3 18.2 15 
1970 08 48.3 23.1 7 
1970 09 111 23.2 23 
1970 10 36.3 7 16 
1970 11 216.3 39.6 21 
1970 12 39 8.5 13 
1971 01 162.6 27.3 24 
1971 02 34.2 7.1 12 
1971 03 47.2 22.1 15 
1971 04 56.1 22.2 5 
1971 05 43.6 8.3 15 
1971 06 66.5 19.9 14 
1971 07 84.8 20.5 11 
1971 08 121.8 29.1 18 
1971 09 56.6 19.6 12 
1971 10 128.5 31.1 20 
1971 11 55.6 16.8 16 
1971 12 71.4 15.7 17 
1972 01 171.3 35.7 22 
1972 02 190.5 36.4 22 
1972 03 100.3 18.1 20 
1972 04 50.4 9.1 14 
1972 05 145.6 21.6 22 
1972 06 34.2 6.2 19 
1972 07 40.2 22.5 13 
1972 08 44.2 15.4 12 
1972 09 11.2 5 4 
1972 10 84.8 19 15 
1972 11 121.9 24.2 18 
1972 12 175.9 23.1 25 
1973 01 129.6 31 17 
1973 02 84.3 14.3 20 
1973 03 38.8 8.2 12 
1973 04 34 13.2 11 
1973 05 182.5 49.3 23 
1973 06 25.1 7.4 9 
1973 07 63.8 32 14 
1973 08 74.6 14.3 18 
1973 09 156.3 39.6 16 
1973 10 107.3 35.5 12 
1973 11 101.7 21.4 21 
1973 12 118.4 23.3 19 
1974 01 340.9 45.4 28 
1974 02 134.4 22 20 
1974 03 40.9 14.5 8 
1974 04 56.9 21.4 8 
1974 05 151.9 32.8 16 
1974 06 21.3 7.3 11 
1974 07 45.1 13.5 13 
1974 08 118.9 26.9 22 
1974 09 187.4 34.5 23 
1974 10 31.5 12.8 11 
1974 11 80.3 18 23 
1974 12 68.6 10.2 23 
1975 01 162.8 23.1 23 
1975 02 56.2 15.9 15 
1975 03 34 7.3 12 
1975 04 42.6 7.8 16 
1975 05 32.3 9.2 11 
1975 06 20.2 4.8 12 
1975 07 186.3 83.8 17 
1975 08 42.4 11.4 15 
1975 09 139.7 25.7 19 
1975 10 204.7 86.7 17 
1975 11 56.6 8.5 19 
1975 12 31.1 19.1 11 
1976 01 90.3 25 18 
1976 02 67 8.5 22 
1976 03 111 23.5 19 
1976 04 20.7 16 6 
1976 05 113.1 37.6 22 
1976 06 51.6 15 15 
1976 07 92.8 16.4 13 
1976 08 14 5.6 7 
1976 09 106.9 18.1 16 
1976 10 209.8 26.6 24 
1976 11 104.2 16.4 18 
1976 12 147.5 23.7 19 
1977 01 162.1 31.7 20 
1977 02 237.1 24.6 24 
1977 03 149.9 24 25 
1977 04 39.9 10.6 18 
1977 05 40.9 10.5 15 
1977 06 36.4 9.2 12 
1977 07 30.1 10.9 12 
1977 08 125 24.4 14 
1977 09 69.7 23.9 14 
1977 10 222.3 51.2 28 
1977 11 92.3 28.4 18 
1977 12 204 34.8 23 
1978 01 106.4 28.1 22 
1978 02 166.1 33.4 23 
1978 03 100.6 12.7 24 
1978 04 99 44.9 11 
1978 05 25.8 8.5 7 
1978 06 59.9 15 15 
1978 07 82.9 31 14 
1978 08 114.1 19.8 13 
1978 09 44.7 22.1 11 
1978 10 49.1 21.1 12 
1978 11 96.2 12.7 22 
1978 12 265 46.7 24 
1979 01 112.2 18.7 21 
1979 02 191.8 36.1 17 
1979 03 102.5 39.3 24 
1979 04 39.6 12.1 14 
1979 05 103.6 14.6 20 
1979 06 67.3 18 14 
1979 07 16.2 6.7 6 
1979 08 88.8 14.8 18 
1979 09 50.7 14 13 
1979 10 153.7 43.7 20 
1979 11 98.7 20.6 26 
1979 12 216.4 34.7 26 
1980 01 134.2 21.1 20 
1980 02 150.1 25.6 19 
1980 03 109.3 22.3 24 
1980 04 37.9 13.6 7 
1980 05 36.9 11.2 9 
1980 06 46.6 11.8 22 
1980 07 118.2 24.7 22 
1980 08 123 27.9 16 
1980 09 150.7 34.7 17 
1980 10 157.5 23.8 21 
1980 11 107.9 29 17 
1980 12 131.5 27.5 23 
1981 01 41.8 8.4 16 
1981 02 97 18.2 16 
1981 03 213.5 29 22 
1981 04 30.3 17 8 
1981 05 216.4 30.5 26 
1981 06 74.1 15.6 14 
1981 07 36.2 13.8 17 
1981 08 18.7 7.9 8 
1981 09 169.1 27.6 23 
1981 10 79.5 19.1 23 
1981 11 106.7 21.6 19 
1981 12 168.5 52.2 18 
1982 01 136 28.4 22 
1982 02 168 41.1 22 
1982 03 105.5 12.4 20 
1982 04 46.4 27.6 7 
1982 05 92.7 11.2 21 
1982 06 165.4 43.3 17 
1982 07 29 5.9 11 
1982 08 104.9 32.2 18 
1982 09 120.6 23.8 19 
1982 10 209.5 37.8 24 
1982 11 190.3 35.7 25 
1982 12 143.4 32.8 24 
1983 01 144.9 20.6 23 
1983 02 99.9 48.2 15 
1983 03 103.6 20.9 22 
1983 04 85.6 18.8 19 
1983 05 99.9 14.7 22 
1983 06 56.4 10.2 13 
1983 07 39.2 33.9 8 
1983 08 71.4 19.5 13 
1983 09 194.4 33.3 26 
1983 10 112.9 19.7 20 
1983 11 77.4 18.3 13 
1983 12 150.5 29.6 20 
1984 01 194 21.8 25 
1984 02 85.8 17.8 15 
1984 03 60.7 28.7 13 
1984 04 53.1 13.2 12 
1984 05 43.4 14.7 8 
1984 06 47.3 16 8 
1984 07 46.3 17.5 10 
1984 08 59 24.4 14 
1984 09 88.6 19 19 
1984 10 123.5 19.4 22 
1984 11 187.1 35.4 20 
1984 12 99.5 11.4 25 
1985 01 102 32.6 15 
1985 02 123.4 29.6 19 
1985 03 115.2 23.9 18 
1985 04 66.3 14.1 15 
1985 05 53.7 10.7 15 
1985 06 101.3 33.7 17 
1985 07 50.4 13.9 18 
1985 08 177.6 23 26 
1985 09 80.3 22.9 20 
1985 10 84.6 14.2 12 
1985 11 99.1 23.9 13 
1985 12 180.6 27.1 24 
1986 01 105 20.3 24 
1986 02 5.6 2.7 7 
1986 03 115.5 14 24 
1986 04 40.8 7.7 16 
1986 05 142.6 26.9 27 
1986 06 74.8 23.9 17 
1986 07 68.5 20 18 
1986 08 226.9 64.8 18 
1986 09 4.9 1.4 7 
1986 10 91.8 10.7 20 
1986 11 147.2 24.1 27 
1986 12 221.9 28.9 26 
1987 01 78 25.5 14 
1987 02 129.3 30.7 15 
1987 03 129.3 29.8 21 
1987 04 98.8 27.7 19 
1987 05 24.5 8.6 12 
1987 06 122.5 27.7 19 
1987 07 42 14.4 9 
1987 08 88.1 37 16 
1987 09 119.4 24.7 20 
1987 10 147.4 21.3 22 
1987 11 74.2 12.5 18 
1987 12 184.7 29.8 22 
1988 01 256.9 45.5 29 
1988 02 80.3 15.8 17 
1988 03 115.5 25.1 23 
1988 04 67.6 15.6 14 
1988 05 117.4 35.2 15 
1988 06 59.9 38.3 9 
1988 07 131 34.1 23 
1988 08 116.7 24.7 20 
1988 09 34 11.2 10 
1988 10 238 57.2 22 
1988 11 56 17.1 13 
1988 12 65.2 20.6 14 
1989 01 100.2 21.8 23 
1989 02 118.1 19.5 22 
1989 03 167 28.5 28 
1989 04 60.8 12.5 16 
1989 05 8.4 2.1 11 
1989 06 62.6 30.7 12 
1989 07 12 3.9 7 
1989 08 101.8 33.4 15 
1989 09 71.7 18.7 9 
1989 10 121.2 23.7 22 
1989 11 78.5 12.1 20 
1989 12 239 50.6 16 
1990 01 166.5 26.5 29 
1990 02 213.4 23.7 28 
1990 03 25.4 9.1 17 
1990 04 31.2 6.3 13 
1990 05 33.5 10.1 8 
1990 06 125 32.5 18 
1990 07 68.4 28.2 11 
1990 08 38.5 9.6 15 
1990 09 38.5 22.3 12 
1990 10 144.5 34.2 24 
1990 11 54.1 13.9 11 
1990 12 93.7 25 17 
1991 01 117.6 23.2 19 
1991 02 121.2 31 16 
1991 03 139 20.5 19 
1991 04 120.8 17 21 
1991 05 4.5 3.3 3 
1991 06 92.9 16.7 23 
1991 07 87.8 23 19 
1991 08 20.4 4.9 8 
1991 09 114.7 40.5 15 
1991 10 148.2 46.8 18 
1991 11 136.9 49.7 20 
1991 12 23.4 4.4 11 
1992 01 40.2 11.3 10 
1992 02 79.4 15.5 18 
1992 03 65.2 28.4 24 
1992 04 101.4 34.4 18 
1992 05 98.7 20.7 15 
1992 06 26.4 9.6 6 
1992 07 120.5 20.9 22 
1992 08 115.3 19.8 20 
1992 09 110.9 30.2 22 
1992 10 30.8 6.7 16 
1992 11 141 28.9 26 
1992 12 88 27.3 17 
1993 01 169.1 25.4 24 
1993 02 20.8 10.7 13 
1993 03 74.9 36.8 19 
1993 04 109.5 27.1 19 
1993 05 160.2 32.1 19 
1993 06 97.4 32.9 14 
1993 07 90.5 20 18 
1993 08 27.5 8.2 12 
1993 09 216 59 20 
1993 10 50.5 20.2 9 
1993 11 121.3 23 21 
1993 12 198.7 22.2 28 
1994 01 154.7 18.7 26 
1994 02 236.6 37.3 21 
1994 03 101.3 20.9 24 
1994 04 97.6 25.1 21 
1994 05 124.9 18.4 20 
1994 06 45.6 13.3 13 
1994 07 124.8 23.3 18 
1994 08 69.2 18.6 14 
1994 09 70.9 13.8 19 
1994 10 87.5 18.2 16 
1994 11 146 27.4 21 
1994 12 191.1 28 26 
1995 01 178.7 17.7 24 
1995 02 164.8 26.9 26 
1995 03 97.5 39.1 19 
1995 04 23.8 10.8 11 
1995 05 77.1 17.3 20 
1995 06 20.8 6 8 
1995 07 81.2 20.9 15 
1995 08 11.5 3.7 7 
1995 09 68.3 21.5 13 
1995 10 234.3 56.2 21 
1995 11 122.9 25.7 21 
1995 12 173.9 36.9 18 
1996 01 217 24.2 25 
1996 02 135.6 30.7 18 
1996 03 201.5 55.2 17 
1996 04 114.5 25.3 17 
1996 05 69.7 15.1 18 
1996 06 46.5 9.7 11 
1996 07 67.3 24.8 12 
1996 08 134.7 35.6 14 
1996 09 36.9 18.7 12 
1996 10 239.7 40.6 27 
1996 11 118 21.4 22 
1996 12 50.9 13.7 16 
1997 01 61.4 14.9 14 
1997 02 155.3 17.9 25 
1997 03 31.4 11.5 16 
1997 04 48 14.8 6 
1997 05 66.1 12.9 19 
1997 06 101.4 20.4 18 
1997 07 47.8 14.2 15 
1997 08 231.3 59 24 
1997 09 73.1 16 18 
1997 10 113.1 52 16 
1997 11 215.6 40.8 25 
1997 12 127.7 22.2 21 
1998 01 178.5 30.7 19 
1998 02 20.3 5.2 14 
1998 03 107.8 32.2 19 
1998 04 139.2 34.2 23 
1998 05 52.6 16.6 16 
1998 06 128.9 22.9 22 
1998 07 74.1 12.8 18 
1998 08 106.3 50.8 15 
1998 09 91.5 13.9 21 
1998 10 167.1 27.9 22 
1998 11 137.6 20 19 
1998 12 177 23.8 26 
1999 01 140.9 15 24 
1999 02 27.9 5.2 19 
1999 03 53.5 11.9 21 
1999 04 106.9 34.2 22 
1999 05 56.5 12.6 13 
1999 06 35.4 14.6 12 
1999 07 21.1 7.3 10 
1999 08 199.8 53.7 20 
1999 09 180 28.2 22 
1999 10 79.9 9.4 16 
1999 11 77.2 22.7 16 
1999 12 194.2 30 25 
2000 01 51.2 18.3 14 
2000 02 111 13.7 24 
2000 03 22.9 6.2 10 
2000 04 47.5 10.9 13 
2000 05 73 15.1 16 
2000 06 68.2 17.7 15 
2000 07 61.1 34.7 13 
2000 08 41.9 8.7 18 
2000 09 107.9 17.1 21 
2000 10 184.1 35 24 
2000 11 190.9 41.8 25 
2000 12 187.6 25.6 24 
2001 01 86.6 17.4 19 
2001 02 129.7 21.4 15 
2001 03 116.4 26.5 23 
2001 04 70.5 13.9 20 
2001 05 22.7 6.8 9 
2001 06 57.8 26.9 15 
2001 07 117.7 48.2 13 
2001 08 154.6 49.8 23 
2001 09 71 22.3 10 
2001 10 127.2 27 24 
2001 11 31.4 8.2 16 
2001 12 72.4 30.1 13 
2002 01 242.4 31.2 25 
2002 02 143.2 20 21 
2002 03 59.4 9.9 17 
2002 04 114 22 16 
2002 05 162.8 32.7 21 
2002 06 105.3 24 20 
2002 07 54.4 12.6 14 
2002 08 47 9 15 
2002 09 37.5 18.2 8 
2002 10 213.8 33 25 
2002 11 214.7 47.9 29 
2002 12 143.9 20.3 23 
2003 01 75.8 16.7 20 
2003 02 81 17.3 18 
2003 03 71.4 14.3 17 
2003 04 123.1 34.2 15 
2003 05 109 20.5 27 
2003 06 107 35.2 15 
2003 07 95.9 20.5 15 
2003 08 23.1 12.8 6 
2003 09 55.5 10.8 16 
2003 10 27.7 7.9 11 
2003 11 125 22.1 21 
2003 12 72.8 19.1 20 
2004 01 107.7 19.5 22 
2004 02 77.7 27.1 13 
2004 03 119.9 21.5 20 
2004 04 59.4 9.4 22 
2004 05 46.2 20.1 8 
2004 06 100 35.5 14 
2004 07 54.8 17 19 
2004 08 178.5 29.1 20 
2004 09 99.1 16.5 20 
2004 10 167.1 37.8 23 
2004 11 35 16.1 13 
2004 12 70.8 24.1 23 
2005 01 124.6 26.6 22 
2005 02 29.9 7 14 
2005 03 83.2 32.8 17 
2005 04 134.2 24.4 22 
2005 05 94.4 16 16 
2005 06 53.5 13.5 15 
2005 07 105.2 73.2 12 
2005 08 52.2 15.4 12 
2005 09 111.3 20.2 20 
2005 10 219.3 37.2 21 
2005 11 108.7 27 19 
2005 12 74.5 17.3 21 
2006 01 48.9 12 15 
2006 02 28.9 9.4 12 
2006 03 112.4 24.7 21 
2006 04 30 8 15 
2006 05 134.5 27.6 23 
2006 06 14.8 6.1 11 
2006 07 58.6 14.2 15 
2006 08 69.9 23.1 12 
2006 09 179 28.1 21 
2006 10 184.7 37.1 20 
2006 11 155 38.3 21 
2006 12 183 32.3 23 
2007 01 87.9 15.9 22 
2007 02 141.9 23.8 20 
2007 03 89.3 28.7 16 
2007 04 27.1 10.7 8 
2007 05 64.5 14.9 19 
2007 06 156.9 33.9 18 
2007 07 116.3 21.5 26 
2007 08 80.4 35.7 19 
2007 09 36.1 20.9 9 
2007 10 64 13.2 15 
2007 11 57.2 19.1 18 
2007 12 134.3 20.6 19 
2008 01 195.1 35.2 27 
2008 02 49.8 13 17 
2008 03 113.5 30.3 24 
2008 04 53.7 8.6 17 
2008 05 75.6 29.9 17 
2008 06 138.5 24.1 16 
2008 07 148.1 29.8 18 
2008 08 163.6 18.9 28 
2008 09 123.8 39.7 14 
2008 10 139.2 27.2 27 
2008 11 79.4 23.6 17 
2008 12 60.2 15.2 16 
2009 01 201.9 38.3 24 
2009 02 17 3.1 12 
2009 03 41.1 10.8 19 
2009 04 159.8 23.2 20 
2009 05 85.7 15.2 16 
2009 06 84.8 32.8 14 
2009 07 203.7 36.7 27 
2009 08 155.5 24.1 23 
2009 09 53.8 15.8 11 
2009 10 180.6 27.1 21 
2009 11 232.8 30.3 29 
2009 12 157.6 41.9 19 
2010 01 125.7 21.5 14 
2010 02 42.7 19.5 12 
2010 03 96.2 18.9 17 
2010 04 40.9 18 12 
2010 05 47.3 10.5 12 
2010 06 63.4 21.1 15 
2010 07 119.5 25.2 22 
2010 08 17.1 8.8 10 
2010 09 81.4 16.7 22 
2010 10 118 26.2 24 
2010 11 85.6 29.2 20 
2010 12 66.9 27.1 9 
2011 01 75.8 17.7 11 
2011 02 127.7 17 23 
2011 03 35.7 7 12 
2011 04 39.7 12.1 13 
2011 05 122.3 22.4 18 
2011 06 88.7 23.8 17 
2011 07 40.3 13.2 13 
2011 08 53.9 9.3 14 
2011 09 112.5 16.8 24 
2011 10 91.8 24.4 22 
2011 11 148.6 35.2 23 
2011 12 87.1 22 26 
