1962 01 41.1 7.1 16 
1962 02 26.7 5.7 14 
1962 03 53.6 15.1 13 
1962 04 40.8 7.1 13 
1962 05 56.8 18.5 19 
1962 06 24.9 7.4 11 
1962 07 68 18.4 15 
1962 08 73.1 17.5 17 
1962 09 129.2 31.1 19 
1962 10 16.8 8.4 8 
1962 11 47.9 9.2 14 
1962 12 75.3 12.9 20 
1963 01 41.1 9.3 12 
1963 02 61.9 22.7 10 
1963 03 65.2 15.2 16 
1963 04 47 6.6 19 
1963 05 42 7.9 20 
1963 06 54.3 15.5 17 
1963 07 23.5 6 13 
1963 08 103.1 53.5 20 
1963 09 44.9 12 12 
1963 10 47.6 9.7 15 
1963 11 95.9 17.8 21 
1963 12 16.4 4.4 10 
1964 01 14.8 3.4 10 
1964 02 28.3 5.8 13 
1964 03 106.6 18.9 18 
1964 04 62.3 15 23 
1964 05 45.4 7 16 
1964 06 51 9.6 17 
1964 07 47.4 24.2 13 
1964 08 81.3 18.6 16 
1964 09 51.7 16.2 12 
1964 10 62.3 16.9 18 
1964 11 26.2 8.9 12 
1964 12 111.8 18.9 18 
1965 01 97.3 24.5 20 
1965 02 4.7 1.6 6 
1965 03 54.6 10.4 16 
1965 04 45.4 9.6 16 
1965 05 51.9 10.4 18 
1965 06 72.9 16.9 16 
1965 07 79.2 14.1 20 
1965 08 55.4 13.6 18 
1965 09 67.7 24.5 16 
1965 10 41.4 11.2 10 
1965 11 182.3 44.5 19 
1965 12 97.1 17 23 
1966 01 94.6 27.2 16 
1966 02 114.5 25.6 21 
1966 03 40.2 11.8 11 
1966 04 151.8 26.2 17 
1966 05 52.3 9.2 16 
1966 06 119.5 46.6 22 
1966 07 37.1 12.7 12 
1966 08 56.5 27.5 15 
1966 09 61.3 22.5 13 
1966 10 132.9 22.1 16 
1966 11 43.3 8.1 20 
1966 12 115.1 16.4 23 
1967 01 48.5 9.8 17 
1967 02 83.8 28.1 17 
1967 03 26.4 14.1 13 
1967 04 33.9 7.8 9 
1967 05 129.4 15.3 30 
1967 06 11.4 3 6 
1967 07 83.7 34.8 20 
1967 08 64.3 14.1 19 
1967 09 115.5 29.9 19 
1967 10 94.4 23.2 25 
1967 11 45.7 22.6 15 
1967 12 45.5 10.1 15 
1968 01 96.1 25.8 18 
1968 02 15.9 6.3 9 
1968 03 41.5 10.1 14 
1968 04 58.6 11.9 11 
1968 05 51.8 9.9 17 
1968 06 51.4 10.6 11 
1968 07 15.9 4.7 8 
1968 08 106.6 35 9 
1968 09 103.5 16.3 20 
1968 10 59.8 18 18 
1968 11 78.8 16.4 17 
1968 12 109.1 41.7 19 
1969 01 105.4 24 18 
1969 02 41.8 15.2 14 
1969 03 46.9 12.2 11 
1969 04 62.3 14 14 
1969 05 111.2 19 24 
1969 06 46.4 13.2 13 
1969 07 43.8 24.6 8 
1969 08 34.1 12 10 
1969 09 44.9 27.2 11 
1969 10 11.1 2.6 12 
1969 11 90 25.6 15 
1969 12 63.5 13.9 19 
1970 01 62.5 13.5 19 
1970 02 60.4 9.2 18 
1970 03 32.5 6.5 16 
1970 04 85.3 26.2 22 
1970 05 13.2 5.8 7 
1970 06 31.6 13 10 
1970 07 68.2 11.8 15 
1970 08 68.3 19.1 12 
1970 09 53.8 10.8 18 
1970 10 59.2 15.9 13 
1970 11 128 27.1 24 
1970 12 50.6 15 15 
1971 01 39.4 14.2 16 
1971 02 39.7 14.7 10 
1971 03 78.8 35.7 13 
1971 04 52.4 19.2 11 
1971 05 34 12.3 14 
1971 06 71.8 19.7 17 
1971 07 62.8 25.7 8 
1971 08 66.9 20.6 14 
1971 09 27 14 6 
1971 10 34.4 9 13 
1971 11 48 12.9 14 
1971 12 36.4 20.2 11 
1972 01 110.6 16.5 22 
1972 02 59.7 14.5 14 
1972 03 50.1 11.9 13 
1972 04 49.2 10.7 13 
1972 05 66.7 8.8 20 
1972 06 58.6 20.5 23 
1972 07 41.1 13.9 12 
1972 08 24 7.9 10 
1972 09 7.5 3.9 5 
1972 10 40.8 21.7 9 
1972 11 78.2 31.6 14 
1972 12 82.6 32.7 20 
1973 01 52.2 11.2 15 
1973 02 32.5 7.2 15 
1973 03 11.1 3.6 7 
1973 04 48.1 11.1 17 
1973 05 70.9 13 19 
1973 06 20.2 7.4 7 
1973 07 72.8 30.7 11 
1973 08 108.9 18.4 19 
1973 09 76.2 15.3 14 
1973 10 59.2 22.7 13 
1973 11 60.8 14.7 15 
1973 12 72.7 18.7 22 
1974 01 81.4 12 24 
1974 02 50.9 8.4 17 
1974 03 31.7 11.4 14 
1974 04 43.4 20.9 6 
1974 05 87.6 19.9 16 
1974 06 39.5 8.3 10 
1974 07 99.7 18.7 19 
1974 08 30.2 5.2 17 
1974 09 116 34.8 21 
1974 10 26.6 6.8 16 
1974 11 57.7 20.4 16 
1974 12 37.9 6.8 18 
1975 01 82.6 21.2 21 
1975 02 26.2 11.6 9 
1975 03 43.3 8.3 17 
1975 04 42.8 8.2 20 
1975 05 43.4 14.4 8 
1975 06 14.9 8.8 7 
1975 07 27.8 7.6 13 
1975 08 35.9 14.1 12 
1975 09 124.3 40.9 22 
1975 10 55.1 24.2 11 
1975 11 54.3 18.7 10 
1975 12 33.1 16.1 14 
1976 01 66.1 16.4 17 
1976 02 29.3 9.1 11 
1976 03 65.8 14.7 17 
1976 04 17.7 10.4 5 
1976 05 47.7 9.8 20 
1976 06 22.5 9.7 12 
1976 07 82.8 19.5 11 
1976 08 6.6 4.2 2 
1976 09 144.3 34.5 14 
1976 10 156.7 31 24 
1976 11 39.1 13.1 14 
1976 12 48 8 17 
1977 01 57.8 10.5 17 
1977 02 124.4 18.6 23 
1977 03 57.3 9.2 20 
1977 04 43.4 5.3 24 
1977 05 22.5 6.6 8 
1977 06 65.5 19.6 14 
1977 07 26.1 12.2 12 
1977 08 68.1 28.9 14 
1977 09 29.2 6.8 13 
1977 10 76.5 19.5 16 
1977 11 53.8 8.6 19 
1977 12 65.1 12.8 20 
1978 01 59.4 11.3 14 
1978 02 50.3 11.7 14 
1978 03 63 12.3 22 
1978 04 29.6 7 12 
1978 05 27.3 14 11 
1978 06 37.1 12.4 12 
1978 07 50.5 14.2 14 
1978 08 116.7 30.3 14 
1978 09 38.4 7.4 14 
1978 10 31.8 15.4 11 
1978 11 64.1 10.4 16 
1978 12 217 24.6 22 
1979 01 42.3 6.9 17 
1979 02 83.4 31.3 10 
1979 03 63.7 16.5 22 
1979 04 53.1 10.5 22 
1979 05 82.2 10.5 22 
1979 06 44 15.3 9 
1979 07 47 22.2 8 
1979 08 96.5 19.3 23 
1979 09 41.5 13.4 14 
1979 10 119 25.4 24 
1979 11 51.4 9.9 12 
1979 12 112.4 20.8 20 
1980 01 115.2 30.3 16 
1980 02 68.5 12.8 17 
1980 03 73.7 20.3 22 
1980 04 8.2 6.6 5 
1980 05 41 12.1 11 
1980 06 79 13.5 24 
1980 07 39.4 10.3 14 
1980 08 97.8 29.4 18 
1980 09 97.5 35.4 18 
1980 10 113.7 19.5 22 
1980 11 41.4 9.3 14 
1980 12 49.7 11.4 19 
1981 01 32.8 8.1 13 
1981 02 48.4 11.9 14 
1981 03 101.6 20 24 
1981 04 49 26.2 10 
1981 05 92.3 9.4 24 
1981 06 77.1 21.9 16 
1981 07 35.5 10.8 15 
1981 08 11.6 6.2 9 
1981 09 102.8 22.3 18 
1981 10 109.3 33.4 23 
1981 11 48.8 19.5 16 
1981 12 133 29.7 19 
1982 01 50.2 18.1 14 
1982 02 23.9 3.4 16 
1982 03 45.4 5.8 18 
1982 04 19.5 6.8 4 
1982 05 59.6 10 18 
1982 06 102.2 27.5 15 
1982 07 9.2 2.5 10 
1982 08 65.6 16.4 19 
1982 09 84 19.4 17 
1982 10 88.2 18.1 21 
1982 11 128.9 55.1 23 
1982 12 70.3 14 17 
1983 01 63.8 13.5 21 
1983 02 44.8 8.3 16 
1983 03 61 8 19 
1983 04 67.1 15.7 18 
1983 05 79.1 30 16 
1983 06 54.6 13.6 12 
1983 07 18.1 5.8 9 
1983 08 45.4 15.9 11 
1983 09 76.6 14.6 17 
1983 10 47.3 9.9 16 
1983 11 21.3 5.6 7 
1983 12 123.2 24.5 18 
1984 01 99 12.7 24 
1984 02 60.3 13.9 14 
1984 03 53.2 24.4 14 
1984 04 32.6 12.4 8 
1984 05 34.4 7.9 12 
1984 06 38.1 10.1 10 
1984 07 30.8 10.8 9 
1984 08 95 26.4 13 
1984 09 76.7 22.8 17 
1984 10 56.2 15.2 17 
1984 11 97.2 19.6 18 
1984 12 87.7 27.9 19 
1985 01 66.5 23.3 19 
1985 02 52 15.1 9 
1985 03 72.5 19.3 14 
1985 04 40.2 10 14 
1985 05 70.1 22.5 14 
1985 06 78.5 20.2 17 
1985 07 107.2 26.1 17 
1985 08 124.6 24.5 27 
1985 09 38.2 11.3 18 
1985 10 19.7 6.2 7 
1985 11 33.5 6.8 16 
1985 12 72.4 14.2 18 
1986 01 103.4 25.1 25 
1986 02 10.2 3.6 8 
1986 03 64.7 18.3 21 
1986 04 48.2 7.1 16 
1986 05 62.5 12 21 
1986 06 82.1 18.2 16 
1986 07 57.5 9.2 24 
1986 08 158.7 60.2 15 
1986 09 3.6 2.5 3 
1986 10 57 26.6 16 
1986 11 102.2 20.7 21 
1986 12 71.8 20.6 22 
1987 01 36.6 8.2 12 
1987 02 34.5 10.2 12 
1987 03 56.6 9.6 18 
1987 04 71.8 23.3 14 
1987 05 21.7 5.1 14 
1987 06 112.5 18.9 23 
1987 07 32.6 16.1 11 
1987 08 87.4 20.2 16 
1987 09 75.3 20.7 18 
1987 10 124.1 47.5 23 
1987 11 47.8 15.5 12 
1987 12 39.5 9.9 15 
1988 01 118.3 19 25 
1988 02 34.3 8.3 16 
1988 03 85.4 12 23 
1988 04 24.9 5.9 11 
1988 05 72.5 17.9 17 
1988 06 38.1 9.9 9 
1988 07 80.3 28.9 24 
1988 08 54.5 17.3 19 
1988 09 41.1 11.2 13 
1988 10 79.1 24.1 17 
1988 11 23.5 6.8 12 
1988 12 40.5 8.7 9 
1989 01 27.5 6.8 12 
1989 02 42.6 7.4 15 
1989 03 54.7 8.8 23 
1989 04 79.3 13.5 18 
1989 05 13.1 3.1 7 
1989 06 67.8 18.7 14 
1989 07 9.6 2.7 8 
1989 08 81.9 22.6 16 
1989 09 25.1 13.3 10 
1989 10 62.1 16.3 20 
1989 11 35.6 15.7 16 
1989 12 55.9 18.5 13 
1990 01 68.3 13.4 21 
1990 02 108.8 17.9 19 
1990 03 10.3 4.3 8 
1990 04 24.2 4.7 15 
1990 05 39.5 12.4 10 
1990 06 71.3 15 17 
1990 07 48 32 11 
1990 08 49.8 15.9 12 
1990 09 16.4 3.6 10 
1990 10 149.2 45.6 20 
1990 11 64 13.6 14 
1990 12 78.7 13.2 15 
1991 01 71.4 24.6 16 
1991 02 59 14.4 18 
1991 03 91.1 16.8 15 
1991 04 92.3 20 18 
1991 05 3.6 1.7 3 
1991 06 79.8 21.4 22 
1991 07 26.4 6.6 17 
1991 08 36.9 10.9 13 
1991 09 42.8 14.3 11 
1991 10 85.6 17.3 19 
1991 11 50.3 7.8 16 
1991 12 38.1 9.1 11 
1992 01 32.9 14.6 5 
1992 02 24.1 8 13 
1992 03 64.9 10.1 23 
1992 04 70.3 11.6 22 
1992 05 39.5 12.2 9 
1992 06 38.4 23.8 7 
1992 07 69 22.8 19 
1992 08 85.2 26.4 17 
1992 09 64.2 14.4 19 
1992 10 30.7 12.3 14 
1992 11 63.2 14.5 22 
1992 12 41.5 9.7 13 
1993 01 57.9 9 24 
1993 02 19.5 8.9 7 
1993 03 26.2 7.2 15 
1993 04 48.7 9.1 19 
1993 05 149.9 45.7 21 
1993 06 148.1 82.3 15 
1993 07 60.1 11.9 22 
1993 08 36.8 8.4 14 
1993 09 90.3 17.8 16 
1993 10 86.2 31.8 10 
1993 11 45.4 13.6 15 
1993 12 105.7 12.3 27 
1994 01 83.3 9.8 24 
1994 02 99.1 20.4 19 
1994 03 72.1 13.4 25 
1994 04 60.3 8.2 17 
1994 05 51.5 17.6 15 
1994 06 20.9 5.4 13 
1994 07 64.7 11.7 18 
1994 08 57.8 13.7 18 
1994 09 97 21.1 21 
1994 10 41.2 9.6 14 
1994 11 54.8 11.4 16 
1994 12 88.9 21.8 22 
1995 01 105.5 27.3 18 
1995 02 92 13.9 22 
1995 03 44.7 8.6 20 
1995 04 27.3 12.1 9 
1995 05 49.2 10.7 16 
1995 06 11.6 5.7 7 
1995 07 70.2 39.1 16 
1995 08 7.2 5.3 4 
1995 09 43.6 6.5 16 
1995 10 38 6.9 16 
1995 11 147.2 38.5 19 
1995 12 71.2 14.2 17 
1996 01 85.9 13.1 23 
1996 02 62 20 14 
1996 03 69.9 17.4 19 
1996 04 60.8 10.1 16 
1996 05 66.7 14 19 
1996 06 20.7 5.3 9 
1996 07 37.2 11.7 15 
1996 08 102.1 34.7 16 
1996 09 19.2 11.4 10 
1996 10 101.7 23.4 22 
1996 11 103.6 23.5 23 
1996 12 54.1 20.8 14 
1997 01 15.5 4.2 9 
1997 02 60.1 9.2 24 
1997 03 15.1 4 10 
1997 04 48.3 23.6 8 
1997 05 61.3 16.6 14 
1997 06 125.2 30.1 14 
1997 07 53.5 7.9 17 
1997 08 80.9 11.9 22 
1997 09 19.1 4.5 15 
1997 10 67.6 13.8 12 
1997 11 86.8 17 22 
1997 12 90.4 24.8 17 
1998 01 79.5 16.6 20 
1998 02 14.1 3.8 13 
1998 03 65.7 12.2 17 
1998 04 115 26.2 26 
1998 05 29 5.6 13 
1998 06 111 21.4 24 
1998 07 54 8.6 22 
1998 08 45 8.1 15 
1998 09 95.7 22.4 21 
1998 10 75.3 14.3 23 
1998 11 76.1 16.6 22 
1998 12 70.3 11.5 23 
1999 01 71.8 15 21 
1999 02 36.5 7.1 16 
1999 03 31.8 8.6 13 
1999 04 74.9 11.7 21 
1999 05 39.1 15.2 12 
1999 06 56.5 16.8 16 
1999 07 35.2 9.6 11 
1999 08 106.6 48.4 15 
1999 09 104.7 19.9 20 
1999 10 29.5 8.3 13 
1999 11 43.2 10.5 13 
1999 12 82.3 14.2 21 
2000 01 40.5 14.3 15 
2000 02 45.3 4.9 23 
2000 03 20.7 7 13 
2000 04 89.3 17.8 19 
2000 05 50.6 12.9 18 
2000 06 34.7 6.8 16 
2000 07 43.6 14.3 11 
2000 08 62.7 11.8 19 
2000 09 99.3 22 22 
2000 10 86.7 11.9 23 
2000 11 141.2 62.7 25 
2000 12 125.6 42.3 23 
2001 01 32.2 5.4 16 
2001 02 48.8 10.5 17 
2001 03 56.1 11.1 18 
2001 04 77.5 13.9 22 
2001 05 49.5 18 12 
2001 06 41.4 12.9 13 
2001 07 30.4 7.8 13 
2001 08 97.1 20.1 21 
2001 09 41.4 13 15 
2001 10 90.3 33.3 22 
2001 11 40.7 10.4 19 
2001 12 21.6 6.7 12 
2002 01 48.9 7.1 18 
2002 02 125.1 17.8 22 
2002 03 30.4 8.2 14 
2002 04 81.5 20.6 18 
2002 05 120.8 42.1 20 
2002 06 82.1 14.8 20 
2002 07 68 12.8 16 
2002 08 50.2 10.6 18 
2002 09 22.8 7.4 8 
2002 10 180.6 53.1 20 
2002 11 186.3 50.7 25 
2002 12 105 17.9 23 
2003 01 53.9 10.8 17 
2003 02 21.1 5 13 
2003 03 30.3 12.4 11 
2003 04 34 17.3 12 
2003 05 96.5 19.3 22 
2003 06 88.4 23.9 15 
2003 07 46 12.5 19 
2003 08 14.4 4.5 8 
2003 09 37.3 8.5 11 
2003 10 106.3 31.3 13 
2003 11 54.8 13.8 13 
2003 12 60.2 18 16 
2004 01 82.6 14.5 22 
2004 02 19.7 6.1 9 
2004 03 44.4 8.4 17 
2004 04 31.2 4.8 18 
2004 05 49.8 14.2 9 
2004 06 50.1 23 18 
2004 07 37.9 7.1 18 
2004 08 133.8 22.4 18 
2004 09 98.3 18.8 16 
2004 10 120 22.8 23 
2004 11 39.8 13 16 
2004 12 44.8 9 22 
2005 01 63.6 25.2 20 
2005 02 40.6 10.8 16 
2005 03 14.4 2.6 13 
2005 04 57 2.5 14
2005 05 69.5 22.8 20 
2005 06 28.3 6.1 11 
2005 07 83.9 37.8 16 
2005 08 25.3 3.9 15
2005 09 55.8 13.4 13 
2005 10 101.5 28.5 19 
2005 11 50.7 15.1 14 
2005 12 68.9 22.1 15 
2006 01 16.3 3.5 11 
2006 02 38.3 10.1 12 
2006 03 68.7 11.9 24 
2006 04 40.8 7.9 15 
2006 05 125.8 15.8 16
2006 06 19.2 4.4 15
2006 07 18.2 6.4 10 
2006 08 57.6 18.2 20 
2006 09 89.5 19.9 19 
2006 10 102.7 26.9 16 
2006 11 69.1 24.1 17 
2006 12 94.4 13.4 19 
2007 01 72.8 13.7 19 
2007 02 77.8 14.1 18 
2007 03 62.1 15.1 19 
2007 04 14.7 11.3 5 
2007 05 35 11.1 4
2007 06 134.4 23.8 20 
2007 07 119.1 16 28 
2007 08 95.5 19.2 18 
2007 09 39.2 9 14 
2007 10 15.7 3.6 9 
2007 11 54 20.9 18 
2007 12 64.1 11.8 16 
2008 01 96.9 19.6 22 
2008 02 14.7 3.3 11 
2008 03 102.4 35.8 22 
2008 04 27 4.4 17 
2008 05 32.7 8.7 13 
2008 06 76.4 14.9 17 
2008 07 111.5 26.9 19 
2008 08 192.4 68.3 23 
2008 09 111.8 40.6 18 
2008 10 97.4 18.6 21 
2008 11 39.6 10.2 19 
2008 12 39.5 10.3 15 
2009 01 62 8.7 18 
2009 02 56.8 28.1 10 
2009 03 25.5 5.5 17 
2009 04 71.6 11.9 19 
2009 05 75 15.4 22 
2009 06 76.2 28.1 12 
2009 07 153.9 39.2 22 
2009 08 69.1 22.2 20 
2009 09 24.2 13 9 
2009 10 84.9 22.9 20 
2009 11 149.4 28.1 26 
2009 12 71.6 20.4 18 
2010 01 42.7 10 14 
2010 02 36.7 8.5 14 
2010 03 54.8 16 11 
2010 04 26.7 5.2 11 
2010 05 48.8 19.5 13 
2010 06 43.3 15.5 7 
2010 07 74.7 19.5 18 
2010 08 48 8.8 17 
2010 09 105.5 17.7 19 
2010 10 29.6 6 12 
2010 11 100.5 11.1 24 
2010 12 57.6 12 16 
2011 01 29.4 10.5 13 
2011 02 75.9 18.7 22 
2011 03 19.4 8.1 10 
2011 04 28.4 12.6 12 
2011 05 37.1 6.1 21 
2011 06 64.2 10.2 18 
2011 07 42.6 7 17 
2011 08 39.7 6.7 19 
2011 09 87.3 42.1 19 
2011 10 147.4 71.3 18 
2011 11 48.5 11.7 11 
2011 12 52.2 5.2 23 